3,102,203,255.00,5.00,1275.00,2005-12-05 10:30:30
7,103,202,301.00,5.00,1505.00,2006-05-03 10:00:00
12,104,203,190.00,10.00,1900.00,2006-02-03 09:00:00
1,103,202,350.00,5.00,1750.00,2006-10-10 02:30:20
5,105,201,299.00,8.00,2392.00,2006-12-12 12:12:12
7,107,202,140.00,7.00,980.00,2007-03-03 03:03:03
19,103,202,400.00,5.00,2000.00,2007-05-05 13:10:10
2,107,206,219.00,9.00,1971.00,2007-07-07 07:10:20
6,105,202,317.00,5.00,1585.00,2007-10-13 20:00:00
14,101,206,300.00,9.00,2700.00,2006-04-04 17:50:40
4,103,201,315.00,7.00,2205.00,2007-09-08 08:09:10
16,103,201,200.00,8.00,1600.00,2008-01-01 10:00:00
